$rs931396356

SNP: rs931396356  adjusted by: 
              0    %   1    %   OR lower upper   p-value   AIC
Codominant                                                    
C/C          31 77.5  84 64.6 1.00             0.0004222 176.0
C/T           4 10.0  44 33.8 4.06  1.35 12.24                
T/T           5 12.5   2  1.5 0.15  0.03  0.80                
Dominant                                                      
C/C          31 77.5  84 64.6 1.00             0.1189877 187.1
C/T-T/T       9 22.5  46 35.4 1.89  0.83  4.30                
Recessive                                                     
C/C-C/T      35 87.5 128 98.5 1.00             0.0059747 181.9
T/T           5 12.5   2  1.5 0.11  0.02  0.59                
Overdominant                                                  
C/C-T/T      36 90.0  86 66.2 1.00             0.0016121 179.6
C/T           4 10.0  44 33.8 4.60  1.54 13.76                
log-Additive                                                  
0,1,2        40 23.5 130 76.5 1.06  0.56  2.02 0.8488939 189.5

$rs77446482

SNP: rs77446482  adjusted by: 
              0     %   1    %   OR lower upper   p-value   AIC
Codominant                                                     
C/C          26  65.0 116 89.2 1.00             0.0004559 177.1
C/G          14  35.0  12  9.2 0.19  0.08  0.46                
G/G           0   0.0   2  1.5       0.00                      
Dominant                                                       
C/C          26  65.0 116 89.2 1.00             0.0007016 178.0
C/G-G/G      14  35.0  14 10.8 0.22  0.10  0.53                
Recessive                                                      
C/C-C/G      40 100.0 128 98.5 1.00             1.0000000 188.4
G/G           0   0.0   2  1.5       0.00                      
Overdominant                                                   
C/C-G/G      26  65.0 118 90.8 1.00             0.0002251 175.9
C/G          14  35.0  12  9.2 0.19  0.08  0.46                
log-Additive                                                   
0,1,2        40  23.5 130 76.5 0.32  0.14  0.69 0.0004559 181.3

$rs11136341

SNP: rs11136341  adjusted by: 
              0     %   1    %   OR lower upper   p-value   AIC
Codominant                                                     
A/A          34  85.0 115 88.5 1.00             0.0004918 175.0
A/G           0   0.0  13 10.0       0.00                      
G/G           6  15.0   2  1.5 0.10  0.02  0.51                
Dominant                                                       
A/A          34  85.0 115 88.5 1.00             0.5681793 189.2
A/G-G/G       6  15.0  15 11.5 0.74  0.27  2.05                
Recessive                                                      
A/A-A/G      34  85.0 128 98.5 1.00             0.0015352 179.5
G/G           6  15.0   2  1.5 0.09  0.02  0.46                
Overdominant                                                   
A/A-G/G      40 100.0 117 90.0 1.00             0.0400774 182.2
A/G           0   0.0  13 10.0       0.00                      
log-Additive                                                   
0,1,2        40  23.5 130 76.5 0.54  0.29  1.03 0.0004918 186.2

$rs11833678

SNP: rs11833678  adjusted by: 
              0    %   1    %   OR lower upper   p-value   AIC
Codominant                                                    
A/A          25 62.5  71 54.6 1.00             0.0005112 176.3
A/G           2  5.0  39 30.0 6.87  1.54 30.53                
G/G          13 32.5  20 15.4 0.54  0.24  1.25                
Dominant                                                      
A/A          25 62.5  71 54.6 1.00             0.3768578 188.7
A/G-G/G      15 37.5  59 45.4 1.38  0.67  2.87                
Recessive                                                     
A/A-A/G      27 67.5 110 84.6 1.00             0.0218621 184.2
G/G          13 32.5  20 15.4 0.38  0.17  0.85                
Overdominant                                                  
A/A-G/G      38 95.0  91 70.0 1.00             0.0002920 176.4
A/G           2  5.0  39 30.0 8.14  1.87 35.43                
log-Additive                                                  
0,1,2        40 23.5 130 76.5 0.86  0.56  1.34 0.5202091 189.1

$rs920039664

SNP: rs920039664  adjusted by: 
              0    %   1    %   OR lower upper   p-value   AIC
Codominant                                                    
T/T          31 77.5  82 63.1 1.00             0.0007361 177.1
T/G           4 10.0  45 34.6 4.25  1.41 12.81                
G/G           5 12.5   3  2.3 0.23  0.05  1.01                
Dominant                                                      
T/T          31 77.5  82 63.1 1.00             0.0833074 186.5
T/G-G/G       9 22.5  48 36.9 2.02  0.89  4.59                
Recessive                                                     
T/T-T/G      35 87.5 127 97.7 1.00             0.0157210 183.7
G/G           5 12.5   3  2.3 0.17  0.04  0.73                
Overdominant                                                  
T/T-G/G      36 90.0  85 65.4 1.00             0.0012090 179.0
T/G           4 10.0  45 34.6 4.76  1.59 14.23                
log-Additive                                                  
0,1,2        40 23.5 130 76.5 1.14  0.61  2.15 0.6813893 189.3

$rs10176176

SNP: rs10176176  adjusted by: 
              0    %   1    %   OR lower upper   p-value   AIC
Codominant                                                    
A/A          21 52.5  37 28.5 1.00             0.0009755 177.6
A/T          16 40.0  51 39.2 1.81  0.83  3.93                
T/T           3  7.5  42 32.3 7.95  2.19 28.81                
Dominant                                                      
A/A          21 52.5  37 28.5 1.00             0.0059115 181.9
A/T-T/T      19 47.5  93 71.5 2.78  1.34  5.75                
Recessive                                                     
A/A-A/T      37 92.5  88 67.7 1.00             0.0006598 177.9
T/T           3  7.5  42 32.3 5.89  1.72 20.19                
Overdominant                                                  
A/A-T/T      24 60.0  79 60.8 1.00             0.9306634 189.5
A/T          16 40.0  51 39.2 0.97  0.47  2.00                
log-Additive                                                  
0,1,2        40 23.5 130 76.5 2.45  1.45  4.13 0.0003477 176.7

$rs2902940

SNP: rs2902940  adjusted by: 
              0    %   1    %   OR lower upper   p-value   AIC
Codominant                                                    
A/A          15 37.5  90 69.2 1.00             0.0014936 178.5
A/G          16 40.0  28 21.5 0.29  0.13  0.66                
G/G           9 22.5  12  9.2 0.22  0.08  0.62                
Dominant                                                      
A/A          15 37.5  90 69.2 1.00             0.0003538 176.7
A/G-G/G      25 62.5  40 30.8 0.27  0.13  0.56                
Recessive                                                     
A/A-A/G      31 77.5 118 90.8 1.00             0.0352548 185.1
G/G           9 22.5  12  9.2 0.35  0.14  0.91                
Overdominant                                                  
A/A-G/G      24 60.0 102 78.5 1.00             0.0236822 184.4
A/G          16 40.0  28 21.5 0.41  0.19  0.88                
log-Additive                                                  
0,1,2        40 23.5 130 76.5 0.43  0.27  0.70 0.0006445 177.9

$rs7616006

SNP: rs7616006  adjusted by: 
              0    %   1    %    OR lower  upper   p-value   AIC
Codominant                                                      
A/A          22 55.0  50 38.5  1.00              0.0017787 178.8
A/G          17 42.5  49 37.7  1.27  0.60   2.67                
G/G           1  2.5  31 23.8 13.64  1.75 106.32                
Dominant                                                        
A/A          22 55.0  50 38.5  1.00              0.0654173 186.1
A/G-G/G      18 45.0  80 61.5  1.96  0.96   4.00                
Recessive                                                       
A/A-A/G      39 97.5  99 76.2  1.00              0.0004599 177.2
G/G           1  2.5  31 23.8 12.21  1.61  92.57                
Overdominant                                                    
A/A-G/G      23 57.5  81 62.3  1.00              0.5866781 189.2
A/G          17 42.5  49 37.7  0.82  0.40   1.68                
log-Additive                                                    
0,1,2        40 23.5 130 76.5  2.14  1.24   3.69 0.0037340 181.1

$rs11220462

SNP: rs11220462  adjusted by: 
              0    %   1    %   OR lower upper   p-value   AIC
Codominant                                                    
G/G          17 42.5  90 69.2 1.00             0.0021059 179.2
G/A          15 37.5  34 26.2 0.43  0.19  0.95                
A/A           8 20.0   6  4.6 0.14  0.04  0.46                
Dominant                                                      
G/G          17 42.5  90 69.2 1.00             0.0025284 180.4
G/A-A/A      23 57.5  40 30.8 0.33  0.16  0.68                
Recessive                                                     
G/G-G/A      32 80.0 124 95.4 1.00             0.0045189 181.4
A/A           8 20.0   6  4.6 0.19  0.06  0.60                
Overdominant                                                  
G/G-A/A      25 62.5  96 73.8 1.00             0.1731891 187.6
G/A          15 37.5  34 26.2 0.59  0.28  1.25                
log-Additive                                                  
0,1,2        40 23.5 130 76.5 0.39  0.23  0.67 0.0004686 177.3

$rs34429265

SNP: rs34429265  adjusted by: 
              0    %   1    %   OR lower upper  p-value   AIC
Codominant                                                   
T/T          23 57.5  56 43.1 1.00             0.002787 179.7
T/C           8 20.0  62 47.7 3.18  1.32  7.69               
C/C           9 22.5  12  9.2 0.55  0.20  1.48               
Dominant                                                     
T/T          23 57.5  56 43.1 1.00             0.109878 186.9
T/C-C/C      17 42.5  74 56.9 1.79  0.87  3.66               
Recessive                                                    
T/T-T/C      31 77.5 118 90.8 1.00             0.035255 185.1
C/C           9 22.5  12  9.2 0.35  0.14  0.91               
Overdominant                                                 
T/T-C/C      32 80.0  68 52.3 1.00             0.001278 179.1
T/C           8 20.0  62 47.7 3.65  1.56  8.51               
log-Additive                                                 
0,1,2        40 23.5 130 76.5 1.02  0.61  1.72 0.925918 189.5

$rs13376333

SNP: rs13376333  adjusted by: 
              0    %   1    %   OR lower upper  p-value   AIC
Codominant                                                   
C/C          22 55.0  99 76.2 1.00             0.003568 180.2
C/T           9 22.5  25 19.2 0.62  0.25  1.50               
T/T           9 22.5   6  4.6 0.15  0.05  0.46               
Dominant                                                     
C/C          22 55.0  99 76.2 1.00             0.011921 183.2
C/T-T/T      18 45.0  31 23.8 0.38  0.18  0.80               
Recessive                                                    
C/C-C/T      31 77.5 124 95.4 1.00             0.001414 179.3
T/T           9 22.5   6  4.6 0.17  0.06  0.50               
Overdominant                                                 
C/C-T/T      31 77.5 105 80.8 1.00             0.654540 189.3
C/T           9 22.5  25 19.2 0.82  0.35  1.94               
log-Additive                                                 
0,1,2        40 23.5 130 76.5 0.43  0.26  0.72 0.001339 179.2

$rs796740762

SNP: rs796740762  adjusted by: 
              0    %   1     %   OR lower upper p-value   AIC
Codominant                                                   
C/C          22 55.0  99  76.2 1.00             0.00423 181.0
C/T          16 40.0  31  23.8 0.43  0.20  0.92              
T/T           2  5.0   0   0.0 0.00  0.00                    
Dominant                                                     
C/C          22 55.0  99  76.2 1.00             0.01192 183.2
C/T-T/T      18 45.0  31  23.8 0.38  0.18  0.80              
Recessive                                                    
C/C-C/T      38 95.0 130 100.0 1.00             0.05430 183.6
T/T           2  5.0   0   0.0 0.00  0.00                    
Overdominant                                                 
C/C-T/T      24 60.0  99  76.2 1.00             0.05121 185.7
C/T          16 40.0  31  23.8 0.47  0.22  0.99              
log-Additive                                                 
0,1,2        40 23.5 130  76.5 0.36  0.18  0.72 0.00423 181.2

$rs112603074

SNP: rs112603074  adjusted by: 
              0     %   1    %   OR lower upper  p-value   AIC
Codominant                                                    
C/C          35  87.5 111 85.4 1.00             0.004971 179.2
C/G           0   0.0  15 11.5       0.00                     
G/G           5  12.5   4  3.1 0.25  0.06  0.99               
Dominant                                                      
C/C          35  87.5 111 85.4 1.00             0.733893 189.4
C/G-G/G       5  12.5  19 14.6 1.20  0.42  3.44               
Recessive                                                     
C/C-C/G      35  87.5 126 96.9 1.00             0.033072 185.0
G/G           5  12.5   4  3.1 0.22  0.06  0.87               
Overdominant                                                  
C/C-G/G      40 100.0 115 88.5 1.00             0.023241 181.0
C/G           0   0.0  15 11.5       0.00                     
log-Additive                                                  
0,1,2        40  23.5 130 76.5 0.77  0.41  1.47 0.004971 188.9

$rs796930769

SNP: rs796930769  adjusted by: 
              0    %   1     %   OR lower upper  p-value   AIC
Codominant                                                    
G/G          24 60.0 100  76.9 1.00             0.005044 180.6
G/A          13 32.5  30  23.1 0.55  0.25  1.22               
A/A           3  7.5   0   0.0 0.00  0.00                     
Dominant                                                      
G/G          24 60.0 100  76.9 1.00             0.040124 185.3
G/A-A/A      16 40.0  30  23.1 0.45  0.21  0.96               
Recessive                                                     
G/G-G/A      37 92.5 130 100.0 1.00             0.012282 180.6
A/A           3  7.5   0   0.0 0.00  0.00                     
Overdominant                                                  
G/G-A/A      27 67.5 100  76.9 1.00             0.239221 188.1
G/A          13 32.5  30  23.1 0.62  0.29  1.36               
log-Additive                                                  
0,1,2        40 23.5 130  76.5 0.40  0.20  0.78 0.005044 182.5

$rs796127945

SNP: rs796127945  adjusted by: 
              0    %   1     %   OR lower upper  p-value   AIC
Codominant                                                    
G/G          23 57.5 100  76.9 1.00             0.005527 181.8
G/C          15 37.5  30  23.1 0.46  0.21  0.99               
C/C           2  5.0   0   0.0 0.00  0.00                     
Dominant                                                      
G/G          23 57.5 100  76.9 1.00             0.019470 184.0
G/C-C/C      17 42.5  30  23.1 0.41  0.19  0.86               
Recessive                                                     
G/G-G/C      38 95.0 130 100.0 1.00             0.054299 183.6
C/C           2  5.0   0   0.0 0.00  0.00                     
Overdominant                                                  
G/G-C/C      25 62.5 100  76.9 1.00             0.077561 186.4
G/C          15 37.5  30  23.1 0.50  0.23  1.07               
log-Additive                                                  
0,1,2        40 23.5 130  76.5 0.38  0.19  0.76 0.005527 182.1

$rs76070453

SNP: rs76070453  adjusted by: 
              0    %   1     %   OR lower upper  p-value   AIC
Codominant                                                    
C/C          23 57.5 100  76.9 1.00             0.005527 181.8
C/T          15 37.5  30  23.1 0.46  0.21  0.99               
T/T           2  5.0   0   0.0 0.00  0.00                     
Dominant                                                      
C/C          23 57.5 100  76.9 1.00             0.019470 184.0
C/T-T/T      17 42.5  30  23.1 0.41  0.19  0.86               
Recessive                                                     
C/C-C/T      38 95.0 130 100.0 1.00             0.054299 183.6
T/T           2  5.0   0   0.0 0.00  0.00                     
Overdominant                                                  
C/C-T/T      25 62.5 100  76.9 1.00             0.077561 186.4
C/T          15 37.5  30  23.1 0.50  0.23  1.07               
log-Additive                                                  
0,1,2        40 23.5 130  76.5 0.38  0.19  0.76 0.005527 182.1

$rs11753995

SNP: rs11753995  adjusted by: 
              0    %   1    %   OR lower upper  p-value   AIC
Codominant                                                   
G/G          37 92.5 101 77.7 1.00             0.007604 181.7
G/A           1  2.5  26 20.0 9.52  1.25 72.64               
A/A           2  5.0   3  2.3 0.55  0.09  3.42               
Dominant                                                     
G/G          37 92.5 101 77.7 1.00             0.023514 184.4
G/A-A/A       3  7.5  29 22.3 3.54  1.02 12.32               
Recessive                                                    
G/G-G/A      38 95.0 127 97.7 1.00             0.406130 188.8
A/A           2  5.0   3  2.3 0.45  0.07  2.79               
Overdominant                                                 
G/G-A/A      39 97.5 104 80.0 1.00             0.002211 180.1
G/A           1  2.5  26 20.0 9.75  1.28 74.24               
log-Additive                                                 
0,1,2        40 23.5 130 76.5 1.91  0.76  4.83 0.136284 187.3

$rs61963666

SNP: rs61963666  adjusted by: 
              0    %   1    %   OR lower upper  p-value   AIC
Codominant                                                   
C/C          20 50.0  66 50.8 1.00             0.007945 181.8
C/T          19 47.5  40 30.8 0.64  0.30  1.34               
T/T           1  2.5  24 18.5 7.27  0.93 57.15               
Dominant                                                     
C/C          20 50.0  66 50.8 1.00             0.932189 189.5
C/T-T/T      20 50.0  64 49.2 0.97  0.48  1.97               
Recessive                                                    
C/C-C/T      39 97.5 106 81.5 1.00             0.004055 181.2
T/T           1  2.5  24 18.5 8.83  1.16 67.45               
Overdominant                                                 
C/C-T/T      21 52.5  90 69.2 1.00             0.055342 185.8
C/T          19 47.5  40 30.8 0.49  0.24  1.01               
log-Additive                                                 
0,1,2        40 23.5 130 76.5 1.35  0.81  2.27 0.238851 188.1

$rs11196288

SNP: rs11196288  adjusted by: 
              0    %   1    %   OR lower upper  p-value   AIC
Codominant                                                   
A/A          34 85.0 111 85.4 1.00             0.008437 182.0
A/G           2  5.0  18 13.8 2.76  0.61 12.48               
G/G           4 10.0   1  0.8 0.08  0.01  0.71               
Dominant                                                     
A/A          34 85.0 111 85.4 1.00             0.952197 189.5
A/G-G/G       6 15.0  19 14.6 0.97  0.36  2.62               
Recessive                                                    
A/A-A/G      36 90.0 129 99.2 1.00             0.006591 182.1
G/G           4 10.0   1  0.8 0.07  0.01  0.64               
Overdominant                                                 
A/A-G/G      38 95.0 112 86.2 1.00             0.099812 186.8
A/G           2  5.0  18 13.8 3.05  0.68 13.77               
log-Additive                                                 
0,1,2        40 23.5 130 76.5 0.66  0.32  1.34 0.257711 188.2

$rs36119074

SNP: rs36119074  adjusted by: 
              0    %   1    %   OR lower upper  p-value   AIC
Codominant                                                   
T/T          36 90.0  87 66.9 1.00             0.008823 182.0
T/C           3  7.5  34 26.2 4.69  1.35 16.25               
C/C           1  2.5   9  6.9 3.72  0.46 30.48               
Dominant                                                     
T/T          36 90.0  87 66.9 1.00             0.002139 180.1
T/C-C/C       4 10.0  43 33.1 4.45  1.49 13.31               
Recessive                                                    
T/T-T/C      39 97.5 121 93.1 1.00             0.257158 188.2
C/C           1  2.5   9  6.9 2.90  0.36 23.62               
Overdominant                                                 
T/T-C/C      37 92.5  96 73.8 1.00             0.006492 182.1
T/C           3  7.5  34 26.2 4.37  1.26 15.09               
log-Additive                                                 
0,1,2        40 23.5 130 76.5 3.14  1.25  7.87 0.003923 181.2

$rs6780569

SNP: rs6780569  adjusted by: 
              0    %   1    %   OR lower upper  p-value   AIC
Codominant                                                   
G/G          38 95.0 101 77.7 1.00             0.009203 182.1
G/A           1  2.5  26 20.0 9.78  1.28 74.56               
A/A           1  2.5   3  2.3 1.13  0.11 11.19               
Dominant                                                     
G/G          38 95.0 101 77.7 1.00             0.005844 181.9
G/A-A/A       2  5.0  29 22.3 5.46  1.24 23.98               
Recessive                                                    
G/G-G/A      39 97.5 127 97.7 1.00             0.944441 189.5
A/A           1  2.5   3  2.3 0.92  0.09  9.11               
Overdominant                                                 
G/G-A/A      39 97.5 104 80.0 1.00             0.002211 180.1
G/A           1  2.5  26 20.0 9.75  1.28 74.24               
log-Additive                                                 
0,1,2        40 23.5 130 76.5 3.24  0.99 10.61 0.021555 184.2

$rs59191242

SNP: rs59191242  adjusted by: 
              0    %   1    %   OR lower upper  p-value   AIC
Codominant                                                   
G/G          31 77.5  91 70.0 1.00             0.009380 182.2
G/A           2  5.0  29 22.3 4.94  1.11 21.91               
A/A           7 17.5  10  7.7 0.49  0.17  1.39               
Dominant                                                     
G/G          31 77.5  91 70.0 1.00             0.348967 188.6
G/A-A/A       9 22.5  39 30.0 1.48  0.64  3.39               
Recessive                                                    
G/G-G/A      33 82.5 120 92.3 1.00             0.087441 186.6
A/A           7 17.5  10  7.7 0.39  0.14  1.11               
Overdominant                                                 
G/G-A/A      38 95.0 101 77.7 1.00             0.005844 181.9
G/A           2  5.0  29 22.3 5.46  1.24 23.98               
log-Additive                                                 
0,1,2        40 23.5 130 76.5 0.95  0.56  1.61 0.847428 189.5

$rs35246381

SNP: rs35246381  adjusted by: 
              0    %   1    %   OR lower upper  p-value   AIC
Codominant                                                   
T/T          26 65.0  51 39.2 1.00             0.010604 182.4
C/T           7 17.5  50 38.5 3.64  1.45  9.15               
C/C           7 17.5  29 22.3 2.11  0.82  5.47               
Dominant                                                     
T/T          26 65.0  51 39.2 1.00             0.004129 181.3
C/T-C/C      14 35.0  79 60.8 2.88  1.37  6.02               
Recessive                                                    
T/T-C/T      33 82.5 101 77.7 1.00             0.508347 189.1
C/C           7 17.5  29 22.3 1.35  0.54  3.38               
Overdominant                                                 
T/T-C/C      33 82.5  80 61.5 1.00             0.010527 183.0
C/T           7 17.5  50 38.5 2.95  1.21  7.17               
log-Additive                                                 
0,1,2        40 23.5 130 76.5 1.73  1.05  2.85 0.026212 184.6

$rs10811661

SNP: rs10811661  adjusted by: 
              0    %   1    %   OR lower upper  p-value   AIC
Codominant                                                   
T/T          25 62.5  90 69.2 1.00             0.011491 182.6
T/C           8 20.0  36 27.7 1.25  0.52  3.03               
C/C           7 17.5   4  3.1 0.16  0.04  0.59               
Dominant                                                     
T/T          25 62.5  90 69.2 1.00             0.430116 188.9
T/C-C/C      15 37.5  40 30.8 0.74  0.35  1.55               
Recessive                                                    
T/T-T/C      33 82.5 126 96.9 1.00             0.003213 180.8
C/C           7 17.5   4  3.1 0.15  0.04  0.54               
Overdominant                                                 
T/T-C/C      32 80.0  94 72.3 1.00             0.321860 188.5
T/C           8 20.0  36 27.7 1.53  0.65  3.64               
log-Additive                                                 
0,1,2        40 23.5 130 76.5 0.59  0.34  1.02 0.060962 186.0

$rs1395059147

SNP: rs1395059147  adjusted by: 
              0    %   1     %   OR lower upper p-value   AIC
Codominant                                                   
T/T          37 92.5 114  87.7 1.00             0.01191 181.8
T/C           1  2.5  16  12.3 5.19  0.67 40.50              
C/C           2  5.0   0   0.0 0.00  0.00                    
Dominant                                                     
T/T          37 92.5 114  87.7 1.00             0.38002 188.7
T/C-C/C       3  7.5  16  12.3 1.73  0.48  6.27              
Recessive                                                    
T/T-T/C      38 95.0 130 100.0 1.00             0.05430 183.6
C/C           2  5.0   0   0.0 0.00  0.00                    
Overdominant                                                 
T/T-C/C      39 97.5 114  87.7 1.00             0.04060 185.3
T/C           1  2.5  16  12.3 5.47  0.70 42.63              
log-Additive                                                 
0,1,2        40 23.5 130  76.5 0.99  0.37  2.61 0.01191 189.5

$rs7638232

SNP: rs7638232  adjusted by: 
              0    %   1    %   OR lower upper  p-value   AIC
Codominant                                                   
G/G          18 45.0  53 40.8 1.00             0.012572 182.7
G/A          18 45.0  37 28.5 0.70  0.32  1.52               
A/A           4 10.0  40 30.8 3.40  1.07 10.82               
Dominant                                                     
G/G          18 45.0  53 40.8 1.00             0.635925 189.3
G/A-A/A      22 55.0  77 59.2 1.19  0.58  2.43               
Recessive                                                    
G/G-G/A      36 90.0  90 69.2 1.00             0.004862 181.6
A/A           4 10.0  40 30.8 4.00  1.33 11.99               
Overdominant                                                 
G/G-A/A      22 55.0  93 71.5 1.00             0.054681 185.8
G/A          18 45.0  37 28.5 0.49  0.23  1.01               
log-Additive                                                 
0,1,2        40 23.5 130 76.5 1.49  0.94  2.37 0.082775 186.5

$rs2260671

SNP: rs2260671  adjusted by: 
              0    %   1    %   OR lower upper  p-value   AIC
Codominant                                                   
G/G          36 90.0 101 77.7 1.00             0.012824 182.8
G/A           1  2.5  24 18.5 8.55  1.12 65.51               
A/A           3  7.5   5  3.8 0.59  0.14  2.61               
Dominant                                                     
G/G          36 90.0 101 77.7 1.00             0.068479 186.2
G/A-A/A       4 10.0  29 22.3 2.58  0.85  7.86               
Recessive                                                    
G/G-G/A      37 92.5 125 96.2 1.00             0.364511 188.7
A/A           3  7.5   5  3.8 0.49  0.11  2.16               
Overdominant                                                 
G/G-A/A      39 97.5 106 81.5 1.00             0.004055 181.2
G/A           1  2.5  24 18.5 8.83  1.16 67.45               
log-Additive                                                 
0,1,2        40 23.5 130 76.5 1.42  0.66  3.04 0.345800 188.6

$rs11066188

SNP: rs11066188  adjusted by: 
              0    %   1    %   OR lower upper p-value   AIC
Codominant                                                  
G/G          23 57.5  81 62.3 1.00             0.01329 182.9
G/A           7 17.5  39 30.0 1.58  0.63  4.00              
A/A          10 25.0  10  7.7 0.28  0.11  0.77              
Dominant                                                    
G/G          23 57.5  81 62.3 1.00             0.58668 189.2
G/A-A/A      17 42.5  49 37.7 0.82  0.40  1.68              
Recessive                                                   
G/G-G/A      30 75.0 120 92.3 1.00             0.00566 181.8
A/A          10 25.0  10  7.7 0.25  0.10  0.66              
Overdominant                                                
G/G-A/A      33 82.5  91 70.0 1.00             0.10796 186.9
G/A           7 17.5  39 30.0 2.02  0.82  4.96              
log-Additive                                                
0,1,2        40 23.5 130 76.5 0.65  0.40  1.06 0.08590 186.6

$rs145662988

SNP: rs145662988  adjusted by: 
              0    %   1     %   OR lower upper p-value   AIC
Codominant                                                   
A/A          28 70.0 106  81.5 1.00             0.01340 182.0
A/G           9 22.5  24  18.5 0.70  0.29  1.68              
G/G           3  7.5   0   0.0 0.00  0.00                    
Dominant                                                     
A/A          28 70.0 106  81.5 1.00             0.12899 187.2
A/G-G/G      12 30.0  24  18.5 0.53  0.24  1.19              
Recessive                                                    
A/A-A/G      37 92.5 130 100.0 1.00             0.01228 180.6
G/G           3  7.5   0   0.0 0.00  0.00                    
Overdominant                                                 
A/A-G/G      31 77.5 106  81.5 1.00             0.57719 189.2
A/G           9 22.5  24  18.5 0.78  0.33  1.85              
log-Additive                                                 
0,1,2        40 23.5 130  76.5 0.45  0.22  0.91 0.01340 184.7

$rs55909671

SNP: rs55909671  adjusted by: 
              0     %   1    %   OR lower upper  p-value   AIC
Codominant                                                    
G/G          38  95.0  98 75.4 1.00             0.014839 180.1
G/A           2   5.0  18 13.8 3.49  0.77 15.77               
A/A           0   0.0  14 10.8       0.00                     
Dominant                                                      
G/G          38  95.0  98 75.4 1.00             0.002477 180.3
G/A-A/A       2   5.0  32 24.6 6.20  1.42 27.17               
Recessive                                                     
G/G-G/A      40 100.0 116 89.2 1.00             0.042207 181.6
A/A           0   0.0  14 10.8       0.00                     
Overdominant                                                  
G/G-A/A      38  95.0 112 86.2 1.00             0.099812 186.8
G/A           2   5.0  18 13.8 3.05  0.68 13.77               
log-Additive                                                  
0,1,2        40  23.5 130 76.5 4.75  1.28 17.67 0.014839 178.8

$rs61048656

SNP: rs61048656  adjusted by: 
              0     %   1    %   OR lower upper  p-value   AIC
Codominant                                                    
G/G          39  97.5 105 80.8 1.00             0.016447 180.7
G/A           0   0.0  16 12.3       0.00                     
A/A           1   2.5   9  6.9 3.34  0.41 27.26               
Dominant                                                      
G/G          39  97.5 105 80.8 1.00             0.002999 180.7
G/A-A/A       1   2.5  25 19.2 9.29  1.22 70.82               
Recessive                                                     
G/G-G/A      39  97.5 121 93.1 1.00             0.257158 188.2
A/A           1   2.5   9  6.9 2.90  0.36 23.62               
Overdominant                                                  
G/G-A/A      40 100.0 114 87.7 1.00             0.013912 180.4
G/A           0   0.0  16 12.3       0.00                     
log-Additive                                                  
0,1,2        40  23.5 130 76.5 3.61  0.98 13.27 0.016447 183.0

$rs1531343

SNP: rs1531343  adjusted by: 
              0    %   1    %   OR lower upper  p-value   AIC
Codominant                                                   
G/G          32 80.0  87 66.9 1.00             0.016880 183.3
G/C           4 10.0  38 29.2 3.49  1.16 10.57               
C/C           4 10.0   5  3.8 0.46  0.12  1.82               
Dominant                                                     
G/G          32 80.0  87 66.9 1.00             0.104602 186.9
G/C-C/C       8 20.0  43 33.1 1.98  0.84  4.66               
Recessive                                                    
G/G-G/C      36 90.0 125 96.2 1.00             0.155604 187.5
C/C           4 10.0   5  3.8 0.36  0.09  1.41               
Overdominant                                                 
G/G-C/C      36 90.0  92 70.8 1.00             0.008208 182.5
G/C           4 10.0  38 29.2 3.72  1.24 11.17               
log-Additive                                                 
0,1,2        40 23.5 130 76.5 1.24  0.65  2.37 0.500774 189.0

$rs12547107

SNP: rs12547107  adjusted by: 
              0    %   1    %   OR lower upper  p-value   AIC
Codominant                                                   
G/G          23 57.5 104 80.0 1.00             0.018589 183.5
G/A          11 27.5  19 14.6 0.38  0.16  0.91               
A/A           6 15.0   7  5.4 0.26  0.08  0.84               
Dominant                                                     
G/G          23 57.5 104 80.0 1.00             0.005735 181.9
G/A-A/A      17 42.5  26 20.0 0.34  0.16  0.72               
Recessive                                                    
G/G-G/A      34 85.0 123 94.6 1.00             0.061890 186.0
A/A           6 15.0   7  5.4 0.32  0.10  1.02               
Overdominant                                                 
G/G-A/A      29 72.5 111 85.4 1.00             0.072227 186.3
G/A          11 27.5  19 14.6 0.45  0.19  1.05               
log-Additive                                                 
0,1,2        40 23.5 130 76.5 0.47  0.28  0.80 0.005751 181.9

$rs1322639

SNP: rs1322639  adjusted by: 
              0    %   1    %   OR lower upper  p-value   AIC
Codominant                                                   
A/A          17 42.5  77 59.2 1.00             0.019641 183.6
G/A          15 37.5  46 35.4 0.68  0.31  1.48               
G/G           8 20.0   7  5.4 0.19  0.06  0.61               
Dominant                                                     
A/A          17 42.5  77 59.2 1.00             0.063243 186.1
G/A-G/G      23 57.5  53 40.8 0.51  0.25  1.04               
Recessive                                                    
A/A-G/A      32 80.0 123 94.6 1.00             0.008537 182.6
G/G           8 20.0   7  5.4 0.23  0.08  0.67               
Overdominant                                                 
A/A-G/G      25 62.5  84 64.6 1.00             0.807712 189.4
G/A          15 37.5  46 35.4 0.91  0.44  1.90               
log-Additive                                                 
0,1,2        40 23.5 130 76.5 0.50  0.29  0.84 0.009297 182.7

$rs12621439

SNP: rs12621439  adjusted by: 
              0     %   1    %   OR lower upper  p-value   AIC
Codominant                                                    
A/A          37  92.5  93 71.5 1.00             0.019686 181.0
A/C           3   7.5  28 21.5 3.71  1.06 12.96               
C/C           0   0.0   9  6.9       0.00                     
Dominant                                                      
A/A          37  92.5  93 71.5 1.00             0.002846 180.6
A/C-C/C       3   7.5  37 28.5 4.91  1.42 16.90               
Recessive                                                     
A/A-A/C      40 100.0 121 93.1 1.00             0.117775 184.5
C/C           0   0.0   9  6.9       0.00                     
Overdominant                                                  
A/A-C/C      37  92.5 102 78.5 1.00             0.030010 184.8
A/C           3   7.5  28 21.5 3.39  0.97 11.80               
log-Additive                                                  
0,1,2        40  23.5 130 76.5 4.33  1.36 13.77 0.019686 179.4

$rs13376797

SNP: rs13376797  adjusted by: 
              0     %   1    %    OR lower upper  p-value   AIC
Codominant                                                     
A/A          39  97.5 103 79.2  1.00             0.019956 180.5
A/G           0   0.0  11  8.5        0.00                     
G/G           1   2.5  16 12.3  6.06  0.78 47.23               
Dominant                                                       
A/A          39  97.5 103 79.2  1.00             0.001625 179.6
A/G-G/G       1   2.5  27 20.8 10.22  1.34 77.73               
Recessive                                                      
A/A-A/G      39  97.5 114 87.7  1.00             0.040596 185.3
G/G           1   2.5  16 12.3  5.47  0.70 42.63               
Overdominant                                                   
A/A-G/G      40 100.0 119 91.5  1.00             0.068826 183.4
A/G           0   0.0  11  8.5        0.00                     
log-Additive                                                   
0,1,2        40  23.5 130 76.5  3.57  1.08 11.79 0.019956 181.2

$rs4344704

SNP: rs4344704  adjusted by: 
              0    %   1    %   OR lower upper  p-value   AIC
Codominant                                                   
T/T          25 62.5  53 40.8 1.00             0.019966 183.7
T/A           7 17.5  51 39.2 3.44  1.37  8.64               
A/A           8 20.0  26 20.0 1.53  0.61  3.86               
Dominant                                                     
T/T          25 62.5  53 40.8 1.00             0.015766 183.7
T/A-A/A      15 37.5  77 59.2 2.42  1.17  5.02               
Recessive                                                    
T/T-T/A      32 80.0 104 80.0 1.00             1.000000 189.5
A/A           8 20.0  26 20.0 1.00  0.41  2.43               
Overdominant                                                 
T/T-A/A      33 82.5  79 60.8 1.00             0.008251 182.5
T/A           7 17.5  51 39.2 3.04  1.25  7.40               
log-Additive                                                 
0,1,2        40 23.5 130 76.5 1.47  0.90  2.40 0.112406 187.0

$rs7205745

SNP: rs7205745  adjusted by: 
              0    %   1    %   OR lower upper  p-value   AIC
Codominant                                                   
T/T          16 40.0  77 59.2 1.00             0.020040 183.7
T/G          17 42.5  26 20.0 0.32  0.14  0.72               
G/G           7 17.5  27 20.8 0.80  0.30  2.16               
Dominant                                                     
T/T          16 40.0  77 59.2 1.00             0.032746 184.9
T/G-G/G      24 60.0  53 40.8 0.46  0.22  0.95               
Recessive                                                    
T/T-T/G      33 82.5 103 79.2 1.00             0.647463 189.3
G/G           7 17.5  27 20.8 1.24  0.49  3.10               
Overdominant                                                 
T/T-G/G      23 57.5 104 80.0 1.00             0.005735 181.9
T/G          17 42.5  26 20.0 0.34  0.16  0.72               
log-Additive                                                 
0,1,2        40 23.5 130 76.5 0.78  0.50  1.21 0.269719 188.3

$rs10763279

SNP: rs10763279  adjusted by: 
              0    %   1    %   OR lower upper  p-value   AIC
Codominant                                                   
G/G          21 52.5  97 74.6 1.00             0.021180 183.8
A/G          10 25.0  22 16.9 0.48  0.20  1.15               
A/A           9 22.5  11  8.5 0.26  0.10  0.72               
Dominant                                                     
G/G          21 52.5  97 74.6 1.00             0.009570 182.8
A/G-A/A      19 47.5  33 25.4 0.38  0.18  0.78               
Recessive                                                    
G/G-A/G      31 77.5 119 91.5 1.00             0.023589 184.4
A/A           9 22.5  11  8.5 0.32  0.12  0.84               
Overdominant                                                 
G/G-A/A      30 75.0 108 83.1 1.00             0.264932 188.3
A/G          10 25.0  22 16.9 0.61  0.26  1.43               
log-Additive                                                 
0,1,2        40 23.5 130 76.5 0.51  0.32  0.82 0.005579 181.8

$rs4686698

SNP: rs4686698  adjusted by: 
              0    %   1     %   OR lower upper p-value   AIC
Codominant                                                   
G/G          33 82.5 114  87.7 1.00             0.02242 182.6
G/A           4 10.0  16  12.3 1.16  0.36  3.70              
A/A           3  7.5   0   0.0 0.00  0.00                    
Dominant                                                     
G/G          33 82.5 114  87.7 1.00             0.41285 188.8
G/A-A/A       7 17.5  16  12.3 0.66  0.25  1.74              
Recessive                                                    
G/G-G/A      37 92.5 130 100.0 1.00             0.01228 180.6
A/A           3  7.5   0   0.0 0.00  0.00                    
Overdominant                                                 
G/G-A/A      36 90.0 114  87.7 1.00             0.68725 189.3
G/A           4 10.0  16  12.3 1.26  0.40  4.02              
log-Additive                                                 
0,1,2        40 23.5 130  76.5 0.51  0.24  1.12 0.02242 186.8

$rs1434619867

SNP: rs1434619867  adjusted by: 
              0    %   1    %   OR lower upper  p-value   AIC
Codominant                                                   
C/C          32 80.0 118 90.8 1.00             0.022605 183.9
C/T           3  7.5  10  7.7 0.90  0.23  3.48               
T/T           5 12.5   2  1.5 0.11  0.02  0.59               
Dominant                                                     
C/C          32 80.0 118 90.8 1.00             0.079272 186.4
C/T-T/T       8 20.0  12  9.2 0.41  0.15  1.08               
Recessive                                                    
C/C-C/T      35 87.5 128 98.5 1.00             0.005975 181.9
T/T           5 12.5   2  1.5 0.11  0.02  0.59               
Overdominant                                                 
C/C-T/T      37 92.5 120 92.3 1.00             0.968010 189.5
C/T           3  7.5  10  7.7 1.03  0.27  3.93               
log-Additive                                                 
0,1,2        40 23.5 130 76.5 0.43  0.22  0.85 0.016404 183.7

$rs12749263

SNP: rs12749263  adjusted by: 
              0    %   1    %   OR lower upper  p-value   AIC
Codominant                                                   
T/T          19 47.5  92 70.8 1.00             0.022665 183.9
T/C          13 32.5  27 20.8 0.43  0.19  0.98               
C/C           8 20.0  11  8.5 0.28  0.10  0.80               
Dominant                                                     
T/T          19 47.5  92 70.8 1.00             0.007877 182.4
T/C-C/C      21 52.5  38 29.2 0.37  0.18  0.77               
Recessive                                                    
T/T-T/C      32 80.0 119 91.5 1.00             0.055793 185.8
C/C           8 20.0  11  8.5 0.37  0.14  1.00               
Overdominant                                                 
T/T-C/C      27 67.5 103 79.2 1.00             0.135698 187.3
T/C          13 32.5  27 20.8 0.54  0.25  1.19               
log-Additive                                                 
0,1,2        40 23.5 130 76.5 0.51  0.31  0.83 0.006821 182.2

$rs28362508

SNP: rs28362508  adjusted by: 
              0    %   1    %   OR lower upper  p-value   AIC
Codominant                                                   
T/T          19 47.5  79 60.8 1.00             0.024243 184.1
T/C          17 42.5  27 20.8 0.38  0.17  0.84               
C/C           4 10.0  24 18.5 1.44  0.45  4.65               
Dominant                                                     
T/T          19 47.5  79 60.8 1.00             0.139252 187.3
T/C-C/C      21 52.5  51 39.2 0.58  0.29  1.19               
Recessive                                                    
T/T-T/C      36 90.0 106 81.5 1.00             0.186733 187.8
C/C           4 10.0  24 18.5 2.04  0.66  6.27               
Overdominant                                                 
T/T-C/C      23 57.5 103 79.2 1.00             0.007963 182.5
T/C          17 42.5  27 20.8 0.35  0.17  0.76               
log-Additive                                                 
0,1,2        40 23.5 130 76.5 0.92  0.58  1.46 0.726253 189.4

$rs35612982

SNP: rs35612982  adjusted by: 
              0    %   1    %   OR lower upper  p-value   AIC
Codominant                                                   
T/T          33 82.5  78 60.0 1.00             0.024405 184.1
T/C           4 10.0  30 23.1 3.17  1.04  9.72               
C/C           3  7.5  22 16.9 3.10  0.87 11.08               
Dominant                                                     
T/T          33 82.5  78 60.0 1.00             0.006432 182.1
T/C-C/C       7 17.5  52 40.0 3.14  1.29  7.64               
Recessive                                                    
T/T-T/C      37 92.5 108 83.1 1.00             0.117421 187.1
C/C           3  7.5  22 16.9 2.51  0.71  8.88               
Overdominant                                                 
T/T-C/C      36 90.0 100 76.9 1.00             0.055164 185.8
T/C           4 10.0  30 23.1 2.70  0.89  8.20               
log-Additive                                                 
0,1,2        40 23.5 130 76.5 2.06  1.11  3.82 0.010851 183.0

$rs2518491

SNP: rs2518491  adjusted by: 
              0    %   1    %   OR lower upper  p-value   AIC
Codominant                                                   
C/C          17 42.5  76 58.5 1.00             0.026614 184.2
C/T          11 27.5  39 30.0 0.79  0.34  1.86               
T/T          12 30.0  15 11.5 0.28  0.11  0.70               
Dominant                                                     
C/C          17 42.5  76 58.5 1.00             0.076565 186.4
C/T-T/T      23 57.5  54 41.5 0.53  0.26  1.08               
Recessive                                                    
C/C-C/T      28 70.0 115 88.5 1.00             0.008286 182.5
T/T          12 30.0  15 11.5 0.30  0.13  0.72               
Overdominant                                                 
C/C-T/T      29 72.5  91 70.0 1.00             0.760486 189.4
C/T          11 27.5  39 30.0 1.13  0.51  2.49               
log-Additive                                                 
0,1,2        40 23.5 130 76.5 0.55  0.35  0.88 0.012280 183.2

$rs1333048

SNP: rs1333048  adjusted by: 
              0    %   1    %   OR lower upper p-value   AIC
Codominant                                                  
C/C          14 35.0  46 35.4 1.00             0.02841 184.4
A/C           9 22.5  54 41.5 1.83  0.72  4.61              
A/A          17 42.5  30 23.1 0.54  0.23  1.25              
Dominant                                                    
C/C          14 35.0  46 35.4 1.00             0.96448 189.5
A/C-A/A      26 65.0  84 64.6 0.98  0.47  2.07              
Recessive                                                   
C/C-A/C      23 57.5 100 76.9 1.00             0.01947 184.0
A/A          17 42.5  30 23.1 0.41  0.19  0.86              
Overdominant                                                
C/C-A/A      31 77.5  76 58.5 1.00             0.02504 184.5
A/C           9 22.5  54 41.5 2.45  1.08  5.56              
log-Additive                                                
0,1,2        40 23.5 130 76.5 0.73  0.46  1.14 0.16554 187.6

$rs419076

SNP: rs419076  adjusted by: 
              0    %   1    %   OR lower upper p-value   AIC
Codominant                                                  
C/C           9 22.5  53 40.8 1.00             0.02893 184.4
T/C          20 50.0  37 28.5 0.31  0.13  0.77              
T/T          11 27.5  40 30.8 0.62  0.23  1.63              
Dominant                                                    
C/C           9 22.5  53 40.8 1.00             0.03103 184.9
T/C-T/T      31 77.5  77 59.2 0.42  0.19  0.96              
Recessive                                                   
C/C-T/C      29 72.5  90 69.2 1.00             0.69147 189.3
T/T          11 27.5  40 30.8 1.17  0.53  2.58              
Overdominant                                                
C/C-T/T      20 50.0  93 71.5 1.00             0.01326 183.4
T/C          20 50.0  37 28.5 0.40  0.19  0.82              
log-Additive                                                
0,1,2        40 23.5 130 76.5 0.80  0.51  1.23 0.30764 188.5

$rs12940887

SNP: rs12940887  adjusted by: 
              0    %   1    %   OR lower upper p-value   AIC
Codominant                                                  
C/C          29 72.5  95 73.1 1.00             0.03208 184.6
C/T           6 15.0  32 24.6 1.63  0.62  4.28              
T/T           5 12.5   3  2.3 0.18  0.04  0.81              
Dominant                                                    
C/C          29 72.5  95 73.1 1.00             0.94281 189.5
C/T-T/T      11 27.5  35 26.9 0.97  0.44  2.15              
Recessive                                                   
C/C-C/T      35 87.5 127 97.7 1.00             0.01572 183.7
T/T           5 12.5   3  2.3 0.17  0.04  0.73              
Overdominant                                                
C/C-T/T      34 85.0  98 75.4 1.00             0.18711 187.8
C/T           6 15.0  32 24.6 1.85  0.71  4.81              
log-Additive                                                
0,1,2        40 23.5 130 76.5 0.72  0.40  1.32 0.29638 188.4

$rs56249585

SNP: rs56249585  adjusted by: 
              0    %   1    %   OR lower upper p-value   AIC
Codominant                                                  
C/C          23 57.5  45 34.6 1.00             0.03235 184.6
C/T          11 27.5  49 37.7 2.28  1.00  5.19              
T/T           6 15.0  36 27.7 3.07  1.13  8.33              
Dominant                                                    
C/C          23 57.5  45 34.6 1.00             0.01039 182.9
C/T-T/T      17 42.5  85 65.4 2.56  1.24  5.27              
Recessive                                                   
C/C-C/T      34 85.0  94 72.3 1.00             0.09055 186.6
T/T           6 15.0  36 27.7 2.17  0.84  5.61              
Overdominant                                                
C/C-T/T      29 72.5  81 62.3 1.00             0.23158 188.1
C/T          11 27.5  49 37.7 1.59  0.73  3.48              
log-Additive                                                
0,1,2        40 23.5 130 76.5 1.85  1.13  3.02 0.01098 183.0

$rs1564348

SNP: rs1564348  adjusted by: 
              0    %   1    %   OR lower upper p-value   AIC
Codominant                                                  
T/T          35 87.5 101 77.7 1.00             0.03243 184.6
T/C           3  7.5  28 21.5 3.23  0.93 11.30              
C/C           2  5.0   1  0.8 0.17  0.02  1.97              
Dominant                                                    
T/T          35 87.5 101 77.7 1.00             0.15795 187.5
T/C-C/C       5 12.5  29 22.3 2.01  0.72  5.60              
Recessive                                                   
T/T-T/C      38 95.0 129 99.2 1.00             0.10951 186.9
C/C           2  5.0   1  0.8 0.15  0.01  1.67              
Overdominant                                                
T/T-C/C      37 92.5 102 78.5 1.00             0.03001 184.8
T/C           3  7.5  28 21.5 3.39  0.97 11.80              
log-Additive                                                
0,1,2        40 23.5 130 76.5 1.34  0.58  3.11 0.48619 189.0

$rs2296609

SNP: rs2296609  adjusted by: 
              0    %   1    %   OR lower upper p-value   AIC
Codominant                                                  
C/C          17 42.5  70 53.8 1.00             0.03254 184.7
T/C          12 30.0  47 36.2 0.95  0.42  2.17              
T/T          11 27.5  13 10.0 0.29  0.11  0.75              
Dominant                                                    
C/C          17 42.5  70 53.8 1.00             0.20887 187.9
T/C-T/T      23 57.5  60 46.2 0.63  0.31  1.30              
Recessive                                                   
C/C-T/C      29 72.5 117 90.0 1.00             0.00893 182.7
T/T          11 27.5  13 10.0 0.29  0.12  0.72              
Overdominant                                                
C/C-T/T      28 70.0  83 63.8 1.00             0.47099 189.0
T/C          12 30.0  47 36.2 1.32  0.61  2.84              
log-Additive                                                
0,1,2        40 23.5 130 76.5 0.58  0.36  0.95 0.02880 184.7

$rs11798420

SNP: rs11798420  adjusted by: 
              0    %   1    %   OR lower upper p-value   AIC
Codominant                                                  
A/A          34 85.0 107 82.3 1.00             0.03259 184.7
A/G           1  2.5  17 13.1 5.40  0.69 42.10              
G/G           5 12.5   6  4.6 0.38  0.11  1.33              
Dominant                                                    
A/A          34 85.0 107 82.3 1.00             0.68875 189.3
A/G-G/G       6 15.0  23 17.7 1.22  0.46  3.24              
Recessive                                                   
A/A-A/G      35 87.5 124 95.4 1.00             0.09807 186.8
G/G           5 12.5   6  4.6 0.34  0.10  1.18              
Overdominant                                                
A/A-G/G      39 97.5 113 86.9 1.00             0.03077 184.8
A/G           1  2.5  17 13.1 5.87  0.76 45.55              
log-Additive                                                
0,1,2        40 23.5 130 76.5 0.85  0.46  1.56 0.61178 189.2

$rs572862

SNP: rs572862  adjusted by: 
              0    %   1    %   OR lower upper p-value   AIC
Codominant                                                  
A/A          37 92.5 100 76.9 1.00             0.03312 184.7
A/G           1  2.5  20 15.4 7.40  0.96 57.10              
G/G           2  5.0  10  7.7 1.85  0.39  8.84              
Dominant                                                    
A/A          37 92.5 100 76.9 1.00             0.01834 183.9
A/G-G/G       3  7.5  30 23.1 3.70  1.07 12.85              
Recessive                                                   
A/A-A/G      38 95.0 120 92.3 1.00             0.54672 189.1
G/G           2  5.0  10  7.7 1.58  0.33  7.55              
Overdominant                                                
A/A-G/G      39 97.5 110 84.6 1.00             0.01315 183.4
A/G           1  2.5  20 15.4 7.09  0.92 54.60              
log-Additive                                                
0,1,2        40 23.5 130 76.5 2.04  0.88  4.72 0.05857 185.9

$rs1870634

SNP: rs1870634  adjusted by: 
              0    %   1    %   OR lower upper p-value   AIC
Codominant                                                  
G/G          12 30.0  67 51.5 1.00             0.03332 184.7
T/G          19 47.5  36 27.7 0.34  0.15  0.78              
T/T           9 22.5  27 20.8 0.54  0.20  1.42              
Dominant                                                    
G/G          12 30.0  67 51.5 1.00             0.01551 183.6
T/G-T/T      28 70.0  63 48.5 0.40  0.19  0.86              
Recessive                                                   
G/G-T/G      31 77.5 103 79.2 1.00             0.81568 189.4
T/T           9 22.5  27 20.8 0.90  0.38  2.12              
Overdominant                                                
G/G-T/T      21 52.5  94 72.3 1.00             0.02166 184.2
T/G          19 47.5  36 27.7 0.42  0.20  0.88              
log-Additive                                                
0,1,2        40 23.5 130 76.5 0.69  0.44  1.08 0.10301 186.8

$rs1169224064

SNP: rs1169224064  adjusted by: 
              0    %   1    %   OR lower upper p-value   AIC
Codominant                                                  
G/G          35 87.5 103 79.2 1.00             0.03356 184.7
G/A           2  5.0  24 18.5 4.08  0.92 18.14              
A/A           3  7.5   3  2.3 0.34  0.07  1.76              
Dominant                                                    
G/G          35 87.5 103 79.2 1.00             0.22516 188.0
G/A-A/A       5 12.5  27 20.8 1.83  0.66  5.13              
Recessive                                                   
G/G-G/A      37 92.5 127 97.7 1.00             0.15125 187.4
A/A           3  7.5   3  2.3 0.29  0.06  1.50              
Overdominant                                                
G/G-A/A      38 95.0 106 81.5 1.00             0.02259 184.3
G/A           2  5.0  24 18.5 4.30  0.97 19.08              
log-Additive                                                
0,1,2        40 23.5 130 76.5 1.14  0.54  2.40 0.72726 189.4

$rs9349379

SNP: rs9349379  adjusted by: 
              0    %   1    %   OR lower upper p-value   AIC
Codominant                                                  
A/A          10 25.0  39 30.0 1.00             0.03404 184.7
A/G          24 60.0  50 38.5 0.53  0.23  1.25              
G/G           6 15.0  41 31.5 1.75  0.58  5.28              
Dominant                                                    
A/A          10 25.0  39 30.0 1.00             0.53748 189.1
A/G-G/G      30 75.0  91 70.0 0.78  0.35  1.74              
Recessive                                                   
A/A-A/G      34 85.0  89 68.5 1.00             0.03245 184.9
G/G           6 15.0  41 31.5 2.61  1.02  6.71              
Overdominant                                                
A/A-G/G      16 40.0  80 61.5 1.00             0.01657 183.8
A/G          24 60.0  50 38.5 0.42  0.20  0.86              
log-Additive                                                
0,1,2        40 23.5 130 76.5 1.23  0.76  1.97 0.39513 188.8

$rs7952602

SNP: rs7952602  adjusted by: 
              0    %   1    %   OR lower upper p-value   AIC
Codominant                                                  
G/G          22 55.0  87 66.9 1.00             0.03420 184.8
G/C          12 30.0  39 30.0 0.82  0.37  1.83              
C/C           6 15.0   4  3.1 0.17  0.04  0.65              
Dominant                                                    
G/G          22 55.0  87 66.9 1.00             0.17353 187.6
G/C-C/C      18 45.0  43 33.1 0.60  0.29  1.24              
Recessive                                                   
G/G-G/C      34 85.0 126 96.9 1.00             0.01066 183.0
C/C           6 15.0   4  3.1 0.18  0.05  0.67              
Overdominant                                                
G/G-C/C      28 70.0  91 70.0 1.00             1.00000 189.5
G/C          12 30.0  39 30.0 1.00  0.46  2.17              
log-Additive                                                
0,1,2        40 23.5 130 76.5 0.54  0.31  0.95 0.03284 184.9

$rs7766238

SNP: rs7766238  adjusted by: 
              0    %   1    %   OR lower upper  p-value   AIC
Codominant                                                   
G/G          38 95.0 107 82.3 1.00             0.034454 184.8
A/G           1  2.5  21 16.2 7.46  0.97 57.34               
A/A           1  2.5   2  1.5 0.71  0.06  8.06               
Dominant                                                     
G/G          38 95.0 107 82.3 1.00             0.029250 184.7
A/G-A/A       2  5.0  23 17.7 4.08  0.92 18.15               
Recessive                                                    
G/G-A/G      39 97.5 128 98.5 1.00             0.697874 189.4
A/A           1  2.5   2  1.5 0.61  0.05  6.90               
Overdominant                                                 
G/G-A/A      39 97.5 109 83.8 1.00             0.009843 182.8
A/G           1  2.5  21 16.2 7.51  0.98 57.72               
log-Additive                                                 
0,1,2        40 23.5 130 76.5 2.48  0.76  8.14 0.088411 186.6

$rs13076146

SNP: rs13076146  adjusted by: 
              0    %   1    %   OR lower upper p-value   AIC
Codominant                                                  
G/G          21 52.5  39 30.0 1.00             0.03462 184.8
G/A          12 30.0  53 40.8 2.38  1.05  5.41              
A/A           7 17.5  38 29.2 2.92  1.11  7.67              
Dominant                                                    
G/G          21 52.5  39 30.0 1.00             0.01038 182.9
G/A-A/A      19 47.5  91 70.0 2.58  1.25  5.33              
Recessive                                                   
G/G-G/A      33 82.5  92 70.8 1.00             0.12921 187.2
A/A           7 17.5  38 29.2 1.95  0.79  4.78              
Overdominant                                                
G/G-A/A      28 70.0  77 59.2 1.00             0.21487 188.0
G/A          12 30.0  53 40.8 1.61  0.75  3.44              
log-Additive                                                
0,1,2        40 23.5 130 76.5 1.81  1.11  2.94 0.01392 183.5

$rs5756931

SNP: rs5756931  adjusted by: 
              0    %   1    %   OR lower upper p-value   AIC
Codominant                                                  
T/T          19 47.5  61 46.9 1.00             0.03531 184.8
T/C           9 22.5  51 39.2 1.77  0.74  4.24              
C/C          12 30.0  18 13.8 0.47  0.19  1.14              
Dominant                                                    
T/T          19 47.5  61 46.9 1.00             0.94903 189.5
T/C-C/C      21 52.5  69 53.1 1.02  0.50  2.08              
Recessive                                                   
T/T-T/C      28 70.0 112 86.2 1.00             0.02522 184.5
C/C          12 30.0  18 13.8 0.38  0.16  0.87              
Overdominant                                                
T/T-C/C      31 77.5  79 60.8 1.00             0.04683 185.6
T/C           9 22.5  51 39.2 2.22  0.98  5.06              
log-Additive                                                
0,1,2        40 23.5 130 76.5 0.76  0.48  1.21 0.25358 188.2

$rs3792267

SNP: rs3792267  adjusted by: 
              0    %   1    %   OR lower upper p-value   AIC
Codominant                                                  
G/G          30 75.0  89 68.5 1.00             0.03597 184.9
G/A           4 10.0  33 25.4 2.78  0.91  8.50              
A/A           6 15.0   8  6.2 0.45  0.14  1.40              
Dominant                                                    
G/G          30 75.0  89 68.5 1.00             0.42434 188.9
G/A-A/A      10 25.0  41 31.5 1.38  0.62  3.09              
Recessive                                                   
G/G-G/A      34 85.0 122 93.8 1.00             0.09431 186.7
A/A           6 15.0   8  6.2 0.37  0.12  1.14              
Overdominant                                                
G/G-A/A      36 90.0  97 74.6 1.00             0.02799 184.7
G/A           4 10.0  33 25.4 3.06  1.01  9.25              
log-Additive                                                
0,1,2        40 23.5 130 76.5 0.94  0.54  1.64 0.84094 189.5

$rs113023398

SNP: rs113023398  adjusted by: 
              0    %   1    %   OR lower upper p-value   AIC
Codominant                                                  
C/C          29 72.5  65 50.0 1.00             0.03670 184.9
C/T          10 25.0  61 46.9 2.72  1.22  6.05              
T/T           1  2.5   4  3.1 1.78  0.19 16.67              
Dominant                                                    
C/C          29 72.5  65 50.0 1.00             0.01086 183.0
C/T-T/T      11 27.5  65 50.0 2.64  1.22  5.72              
Recessive                                                   
C/C-C/T      39 97.5 126 96.9 1.00             0.84752 189.5
T/T           1  2.5   4  3.1 1.24  0.13 11.41              
Overdominant                                                
C/C-T/T      30 75.0  69 53.1 1.00             0.01191 183.2
C/T          10 25.0  61 46.9 2.65  1.20  5.87              
log-Additive                                                
0,1,2        40 23.5 130 76.5 2.30  1.12  4.73 0.01762 183.9

$rs1557395

SNP: rs1557395  adjusted by: 
              0    %   1    %   OR lower upper p-value   AIC
Codominant                                                  
G/G          34 85.0  88 67.7 1.00             0.03681 184.9
G/A           3  7.5  32 24.6 4.12  1.18 14.35              
A/A           3  7.5  10  7.7 1.29  0.33  4.97              
Dominant                                                    
G/G          34 85.0  88 67.7 1.00             0.02602 184.5
G/A-A/A       6 15.0  42 32.3 2.70  1.05  6.94              
Recessive                                                   
G/G-G/A      37 92.5 120 92.3 1.00             0.96801 189.5
A/A           3  7.5  10  7.7 1.03  0.27  3.93              
Overdominant                                                
G/G-A/A      37 92.5  98 75.4 1.00             0.01101 183.0
G/A           3  7.5  32 24.6 4.03  1.16 13.95              
log-Additive                                                
0,1,2        40 23.5 130 76.5 1.71  0.86  3.38 0.10063 186.8

$rs11212617

SNP: rs11212617  adjusted by: 
              0    %   1    %   OR lower upper p-value   AIC
Codominant                                                  
A/A          14 35.0  37 28.5 1.00             0.03761 184.9
C/A          11 27.5  64 49.2 2.20  0.91  5.35              
C/C          15 37.5  29 22.3 0.73  0.30  1.76              
Dominant                                                    
A/A          14 35.0  37 28.5 1.00             0.43456 188.9
C/A-C/C      26 65.0  93 71.5 1.35  0.64  2.87              
Recessive                                                   
A/A-C/A      25 62.5 101 77.7 1.00             0.06162 186.0
C/C          15 37.5  29 22.3 0.48  0.22  1.03              
Overdominant                                                
A/A-C/C      29 72.5  66 50.8 1.00             0.01374 183.4
C/A          11 27.5  64 49.2 2.56  1.18  5.55              
log-Additive                                                
0,1,2        40 23.5 130 76.5 0.86  0.53  1.38 0.52143 189.1

$rs4299376

SNP: rs4299376  adjusted by: 
              0    %   1    %   OR lower upper p-value   AIC
Codominant                                                  
T/T          19 47.5  86 66.2 1.00             0.03899 185.0
G/T          12 30.0  33 25.4 0.61  0.27  1.39              
G/G           9 22.5  11  8.5 0.27  0.10  0.74              
Dominant                                                    
T/T          19 47.5  86 66.2 1.00             0.03562 185.1
G/T-G/G      21 52.5  44 33.8 0.46  0.23  0.95              
Recessive                                                   
T/T-G/T      31 77.5 119 91.5 1.00             0.02359 184.4
G/G           9 22.5  11  8.5 0.32  0.12  0.84              
Overdominant                                                
T/T-G/G      28 70.0  97 74.6 1.00             0.56640 189.2
G/T          12 30.0  33 25.4 0.79  0.36  1.74              
log-Additive                                                
0,1,2        40 23.5 130 76.5 0.54  0.33  0.87 0.01172 183.1

$rs9323988

SNP: rs9323988  adjusted by: 
              0    %   1    %   OR lower upper p-value   AIC
Codominant                                                  
T/T          19 47.5  61 46.9 1.00             0.03946 185.0
T/C          11 27.5  56 43.1 1.59  0.69  3.62              
C/C          10 25.0  13 10.0 0.40  0.15  1.07              
Dominant                                                    
T/T          19 47.5  61 46.9 1.00             0.94903 189.5
T/C-C/C      21 52.5  69 53.1 1.02  0.50  2.08              
Recessive                                                   
T/T-T/C      30 75.0 117 90.0 1.00             0.02203 184.3
C/C          10 25.0  13 10.0 0.33  0.13  0.83              
Overdominant                                                
T/T-C/C      29 72.5  74 56.9 1.00             0.07287 186.3
T/C          11 27.5  56 43.1 2.00  0.92  4.33              
log-Additive                                                
0,1,2        40 23.5 130 76.5 0.75  0.46  1.23 0.26010 188.2

$rs1122590

SNP: rs1122590  adjusted by: 
              0    %   1    %   OR lower upper p-value   AIC
Codominant                                                  
A/A          34 85.0  90 69.2 1.00             0.03948 185.0
A/G           3  7.5  32 24.6 4.03  1.16 14.03              
G/G           3  7.5   8  6.2 1.01  0.25  4.02              
Dominant                                                    
A/A          34 85.0  90 69.2 1.00             0.04026 185.3
A/G-G/G       6 15.0  40 30.8 2.52  0.98  6.48              
Recessive                                                   
A/A-A/G      37 92.5 122 93.8 1.00             0.76581 189.4
G/G           3  7.5   8  6.2 0.81  0.20  3.20              
Overdominant                                                
A/A-G/G      37 92.5  98 75.4 1.00             0.01101 183.0
A/G           3  7.5  32 24.6 4.03  1.16 13.95              
log-Additive                                                
0,1,2        40 23.5 130 76.5 1.60  0.80  3.19 0.16094 187.5

$rs2891168

SNP: rs2891168  adjusted by: 
              0    %   1    %   OR lower upper p-value   AIC
Codominant                                                  
A/A          19 47.5  37 28.5 1.00             0.04007 185.1
A/G           9 22.5  54 41.5 3.08  1.26  7.55              
G/G          12 30.0  39 30.0 1.67  0.71  3.91              
Dominant                                                    
A/A          19 47.5  37 28.5 1.00             0.02781 184.7
A/G-G/G      21 52.5  93 71.5 2.27  1.10  4.71              
Recessive                                                   
A/A-A/G      28 70.0  91 70.0 1.00             1.00000 189.5
G/G          12 30.0  39 30.0 1.00  0.46  2.17              
Overdominant                                                
A/A-G/G      31 77.5  76 58.5 1.00             0.02504 184.5
A/G           9 22.5  54 41.5 2.45  1.08  5.56              
log-Additive                                                
0,1,2        40 23.5 130 76.5 1.36  0.86  2.14 0.18262 187.7

$rs9323990

SNP: rs9323990  adjusted by: 
              0    %   1    %   OR lower upper p-value   AIC
Codominant                                                  
G/G          17 42.5  57 43.8 1.00             0.04009 185.1
G/A          14 35.0  63 48.5 1.34  0.61  2.97              
A/A           9 22.5  10  7.7 0.33  0.12  0.95              
Dominant                                                    
G/G          17 42.5  57 43.8 1.00             0.88056 189.5
G/A-A/A      23 57.5  73 56.2 0.95  0.46  1.94              
Recessive                                                   
G/G-G/A      31 77.5 120 92.3 1.00             0.01512 183.6
A/A           9 22.5  10  7.7 0.29  0.11  0.77              
Overdominant                                                
G/G-A/A      26 65.0  67 51.5 1.00             0.13181 187.2
G/A          14 35.0  63 48.5 1.75  0.84  3.64              
log-Additive                                                
0,1,2        40 23.5 130 76.5 0.70  0.41  1.18 0.18241 187.7

$rs9323989

SNP: rs9323989  adjusted by: 
              0    %   1    %   OR lower upper p-value   AIC
Codominant                                                  
T/T          17 42.5  57 43.8 1.00             0.04009 185.1
T/C          14 35.0  63 48.5 1.34  0.61  2.97              
C/C           9 22.5  10  7.7 0.33  0.12  0.95              
Dominant                                                    
T/T          17 42.5  57 43.8 1.00             0.88056 189.5
T/C-C/C      23 57.5  73 56.2 0.95  0.46  1.94              
Recessive                                                   
T/T-T/C      31 77.5 120 92.3 1.00             0.01512 183.6
C/C           9 22.5  10  7.7 0.29  0.11  0.77              
Overdominant                                                
T/T-C/C      26 65.0  67 51.5 1.00             0.13181 187.2
T/C          14 35.0  63 48.5 1.75  0.84  3.64              
log-Additive                                                
0,1,2        40 23.5 130 76.5 0.70  0.41  1.18 0.18241 187.7

$rs17696736

SNP: rs17696736  adjusted by: 
              0    %   1    %   OR lower upper p-value   AIC
Codominant                                                  
A/A          20 50.0  86 66.2 1.00             0.04059 185.1
A/G          10 25.0  32 24.6 0.74  0.31  1.76              
G/G          10 25.0  12  9.2 0.28  0.11  0.74              
Dominant                                                    
A/A          20 50.0  86 66.2 1.00             0.06798 186.2
A/G-G/G      20 50.0  44 33.8 0.51  0.25  1.05              
Recessive                                                   
A/A-A/G      30 75.0 118 90.8 1.00             0.01460 183.5
G/G          10 25.0  12  9.2 0.31  0.12  0.77              
Overdominant                                                
A/A-G/G      30 75.0  98 75.4 1.00             0.96070 189.5
A/G          10 25.0  32 24.6 0.98  0.43  2.22              
log-Additive                                                
0,1,2        40 23.5 130 76.5 0.56  0.35  0.89 0.01618 183.7

$rs376670205

SNP: rs376670205  adjusted by: 
              0    %   1    %   OR lower upper p-value   AIC
Codominant                                                  
A/A          39 97.5 114 87.7 1.00              0.0406 185.3
A/T           1  2.5  16 12.3 5.47   0.7 42.63              
log-Additive                                                
0,1,2        40 23.5 130 76.5 5.47   0.7 42.63         185.3

$rs448378

SNP: rs448378  adjusted by: 
              0    %   1    %   OR lower upper p-value   AIC
Codominant                                                  
A/A           9 22.5  53 40.8 1.00             0.04101 185.1
G/A          20 50.0  39 30.0 0.33  0.14  0.81              
G/G          11 27.5  38 29.2 0.59  0.22  1.55              
Dominant                                                    
A/A           9 22.5  53 40.8 1.00             0.03103 184.9
G/A-G/G      31 77.5  77 59.2 0.42  0.19  0.96              
Recessive                                                   
A/A-G/A      29 72.5  92 70.8 1.00             0.83209 189.5
G/G          11 27.5  38 29.2 1.09  0.49  2.40              
Overdominant                                                
A/A-G/G      20 50.0  91 70.0 1.00             0.02220 184.3
G/A          20 50.0  39 30.0 0.43  0.21  0.88              
log-Additive                                                
0,1,2        40 23.5 130 76.5 0.77  0.50  1.20 0.25590 188.2

$rs62282668

SNP: rs62282668  adjusted by: 
              0    %   1    %   OR lower upper p-value   AIC
Codominant                                                  
G/G          23 57.5  46 35.4 1.00             0.04166 185.1
A/G          11 27.5  49 37.7 2.23  0.98  5.07              
A/A           6 15.0  35 26.9 2.92  1.07  7.93              
Dominant                                                    
G/G          23 57.5  46 35.4 1.00             0.01340 183.4
A/G-A/A      17 42.5  84 64.6 2.47  1.20  5.09              
Recessive                                                   
G/G-A/G      34 85.0  95 73.1 1.00             0.10944 186.9
A/A           6 15.0  35 26.9 2.09  0.81  5.40              
Overdominant                                                
G/G-A/A      29 72.5  81 62.3 1.00             0.23158 188.1
A/G          11 27.5  49 37.7 1.59  0.73  3.48              
log-Additive                                                
0,1,2        40 23.5 130 76.5 1.80  1.10  2.95 0.01469 183.5

$rs9679802

SNP: rs9679802  adjusted by: 
              0    %   1    %   OR lower upper p-value   AIC
Codominant                                                  
A/A          32 80.0 122 93.8 1.00             0.04190 185.2
A/T           6 15.0   7  5.4 0.31  0.10  0.97              
T/T           2  5.0   1  0.8 0.13  0.01  1.49              
Dominant                                                    
A/A          32 80.0 122 93.8 1.00             0.01490 183.6
A/T-T/T       8 20.0   8  6.2 0.26  0.09  0.75              
Recessive                                                   
A/A-A/T      38 95.0 129 99.2 1.00             0.10951 186.9
T/T           2  5.0   1  0.8 0.15  0.01  1.67              
Overdominant                                                
A/A-T/T      34 85.0 123 94.6 1.00             0.06189 186.0
A/T           6 15.0   7  5.4 0.32  0.10  1.02              
log-Additive                                                
0,1,2        40 23.5 130 76.5 0.33  0.14  0.79 0.01204 183.2

$rs2289081

SNP: rs2289081  adjusted by: 
              0    %   1    %   OR lower upper p-value   AIC
Codominant                                                  
G/G          12 30.0  47 36.2 1.00             0.04236 185.2
G/C          12 30.0  57 43.8 1.21  0.50  2.95              
C/C          16 40.0  26 20.0 0.41  0.17  1.01              
Dominant                                                    
G/G          12 30.0  47 36.2 1.00             0.47099 189.0
G/C-C/C      28 70.0  83 63.8 0.76  0.35  1.63              
Recessive                                                   
G/G-G/C      24 60.0 104 80.0 1.00             0.01320 183.4
C/C          16 40.0  26 20.0 0.38  0.17  0.81              
Overdominant                                                
G/G-C/C      28 70.0  73 56.2 1.00             0.11405 187.0
G/C          12 30.0  57 43.8 1.82  0.85  3.90              
log-Additive                                                
0,1,2        40 23.5 130 76.5 0.64  0.40  1.02 0.05849 185.9

$rs9465871

SNP: rs9465871  adjusted by: 
              0    %   1    %   OR lower upper p-value   AIC
Codominant                                                  
T/T          28 70.0  63 48.5 1.00             0.04264 185.2
T/C          10 25.0  50 38.5 2.22  0.99  5.00              
C/C           2  5.0  17 13.1 3.78  0.82 17.47              
Dominant                                                    
T/T          28 70.0  63 48.5 1.00             0.01551 183.6
T/C-C/C      12 30.0  67 51.5 2.48  1.16  5.30              
Recessive                                                   
T/T-T/C      38 95.0 113 86.9 1.00             0.12585 187.2
C/C           2  5.0  17 13.1 2.86  0.63 12.95              
Overdominant                                                
T/T-C/C      30 75.0  80 61.5 1.00             0.11204 187.0
T/C          10 25.0  50 38.5 1.88  0.84  4.17              
log-Additive                                                
0,1,2        40 23.5 130 76.5 2.07  1.13  3.82 0.01245 183.3

$rs8042680

SNP: rs8042680  adjusted by: 
              0    %   1    %   OR lower upper p-value   AIC
Codominant                                                  
A/A          12 30.0  43 33.1 1.00             0.04331 185.2
C/A          13 32.5  63 48.5 1.35  0.56  3.24              
C/C          15 37.5  24 18.5 0.45  0.18  1.11              
Dominant                                                    
A/A          12 30.0  43 33.1 1.00             0.71478 189.4
C/A-C/C      28 70.0  87 66.9 0.87  0.40  1.87              
Recessive                                                   
A/A-C/A      25 62.5 106 81.5 1.00             0.01581 183.7
C/C          15 37.5  24 18.5 0.38  0.17  0.82              
Overdominant                                                
A/A-C/C      27 67.5  67 51.5 1.00             0.07279 186.3
C/A          13 32.5  63 48.5 1.95  0.93  4.12              
log-Additive                                                
0,1,2        40 23.5 130 76.5 0.67  0.41  1.08 0.09736 186.8

$rs1386399

SNP: rs1386399  adjusted by: 
              0    %   1    %   OR lower upper p-value   AIC
Codominant                                                  
A/A          25 62.5  54 41.5 1.00             0.04336 185.2
G/A          12 30.0  52 40.0 2.01  0.91  4.41              
G/G           3  7.5  24 18.5 3.70  1.02 13.46              
Dominant                                                    
A/A          25 62.5  54 41.5 1.00             0.01991 184.1
G/A-G/G      15 37.5  76 58.5 2.35  1.13  4.86              
Recessive                                                   
A/A-G/A      37 92.5 106 81.5 1.00             0.07599 186.4
G/G           3  7.5  24 18.5 2.79  0.79  9.82              
Overdominant                                                
A/A-G/G      28 70.0  78 60.0 1.00             0.24824 188.2
G/A          12 30.0  52 40.0 1.56  0.73  3.33              
log-Additive                                                
0,1,2        40 23.5 130 76.5 1.96  1.12  3.40 0.01229 183.2

$rs2259820

SNP: rs2259820  adjusted by: 
              0    %   1    %   OR lower upper p-value   AIC
Codominant                                                  
C/C          17 42.5  35 26.9 1.00             0.04377 185.2
C/T          15 37.5  78 60.0 2.53  1.13  5.62              
T/T           8 20.0  17 13.1 1.03  0.37  2.86              
Dominant                                                    
C/C          17 42.5  35 26.9 1.00             0.06663 186.1
C/T-T/T      23 57.5  95 73.1 2.01  0.96  4.19              
Recessive                                                   
C/C-C/T      32 80.0 113 86.9 1.00             0.29369 188.4
T/T           8 20.0  17 13.1 0.60  0.24  1.52              
Overdominant                                                
C/C-T/T      25 62.5  52 40.0 1.00             0.01239 183.2
C/T          15 37.5  78 60.0 2.50  1.20  5.19              
log-Additive                                                
0,1,2        40 23.5 130 76.5 1.23  0.71  2.12 0.46302 189.0

$rs6818397

SNP: rs6818397  adjusted by: 
              0    %   1    %   OR lower upper p-value   AIC
Codominant                                                  
G/G          18 45.0  48 36.9 1.00             0.04444 185.3
T/G           9 22.5  56 43.1 2.33  0.96  5.67              
T/T          13 32.5  26 20.0 0.75  0.32  1.77              
Dominant                                                    
G/G          18 45.0  48 36.9 1.00             0.36200 188.7
T/G-T/T      22 55.0  82 63.1 1.40  0.68  2.86              
Recessive                                                   
G/G-T/G      27 67.5 104 80.0 1.00             0.10954 186.9
T/T          13 32.5  26 20.0 0.52  0.24  1.14              
Overdominant                                                
G/G-T/T      31 77.5  74 56.9 1.00             0.01604 183.7
T/G           9 22.5  56 43.1 2.61  1.15  5.91              
log-Additive                                                
0,1,2        40 23.5 130 76.5 0.93  0.59  1.47 0.75093 189.4

$rs753214

SNP: rs753214  adjusted by: 
              0    %   1    %   OR lower upper p-value   AIC
Codominant                                                  
T/T          17 42.5  31 23.8 1.00             0.04457 185.3
T/A          18 45.0  66 50.8 2.01  0.91  4.42              
A/A           5 12.5  33 25.4 3.62  1.19 10.99              
Dominant                                                    
T/T          17 42.5  31 23.8 1.00             0.02551 184.5
T/A-A/A      23 57.5  99 76.2 2.36  1.12  4.97              
Recessive                                                   
T/T-T/A      35 87.5  97 74.6 1.00             0.07283 186.3
A/A           5 12.5  33 25.4 2.38  0.86  6.58              
Overdominant                                                
T/T-A/A      22 55.0  64 49.2 1.00             0.52303 189.1
T/A          18 45.0  66 50.8 1.26  0.62  2.57              
log-Additive                                                
0,1,2        40 23.5 130 76.5 1.93  1.13  3.28 0.01277 183.3

$rs7805047

SNP: rs7805047  adjusted by: 
              0    %   1    %   OR lower upper p-value   AIC
Codominant                                                  
G/G          24 60.0  49 37.7 1.00             0.04461 185.3
G/A           9 22.5  48 36.9 2.61  1.10  6.19              
A/A           7 17.5  33 25.4 2.31  0.89  5.97              
Dominant                                                    
G/G          24 60.0  49 37.7 1.00             0.01300 183.3
G/A-A/A      16 40.0  81 62.3 2.48  1.20  5.12              
Recessive                                                   
G/G-G/A      33 82.5  97 74.6 1.00             0.29241 188.4
A/A           7 17.5  33 25.4 1.60  0.65  3.97              
Overdominant                                                
G/G-A/A      31 77.5  82 63.1 1.00             0.08331 186.5
G/A           9 22.5  48 36.9 2.02  0.89  4.59              
log-Additive                                                
0,1,2        40 23.5 130 76.5 1.67  1.03  2.71 0.03160 184.9

$rs6941513

SNP: rs6941513  adjusted by: 
              0    %   1    %   OR lower upper p-value   AIC
Codominant                                                  
G/G          11 27.5  45 34.6 1.00             0.04519 185.3
A/G          13 32.5  59 45.4 1.11  0.45  2.71              
A/A          16 40.0  26 20.0 0.40  0.16  0.98              
Dominant                                                    
G/G          11 27.5  45 34.6 1.00             0.39722 188.8
A/G-A/A      29 72.5  85 65.4 0.72  0.33  1.57              
Recessive                                                   
G/G-A/G      24 60.0 104 80.0 1.00             0.01320 183.4
A/A          16 40.0  26 20.0 0.38  0.17  0.81              
Overdominant                                                
G/G-A/A      27 67.5  71 54.6 1.00             0.14515 187.4
A/G          13 32.5  59 45.4 1.73  0.82  3.64              
log-Additive                                                
0,1,2        40 23.5 130 76.5 0.62  0.38  1.00 0.04672 185.5

$rs31864

SNP: rs31864  adjusted by: 
              0    %   1    %   OR lower upper p-value   AIC
Codominant                                                  
A/A          15 37.5  56 43.1 1.00             0.04638 185.4
A/G           9 22.5  47 36.2 1.40  0.56  3.48              
G/G          16 40.0  27 20.8 0.45  0.19  1.05              
Dominant                                                    
A/A          15 37.5  56 43.1 1.00             0.53010 189.1
A/G-G/G      25 62.5  74 56.9 0.79  0.38  1.64              
Recessive                                                   
A/A-A/G      24 60.0 103 79.2 1.00             0.01782 183.9
G/G          16 40.0  27 20.8 0.39  0.18  0.84              
Overdominant                                                
A/A-G/G      31 77.5  83 63.8 1.00             0.09983 186.8
A/G           9 22.5  47 36.2 1.95  0.86  4.45              
log-Additive                                                
0,1,2        40 23.5 130 76.5 0.68  0.44  1.06 0.08857 186.6

$rs4812845

SNP: rs4812845  adjusted by: 
              0    %   1    %   OR lower upper p-value   AIC
Codominant                                                  
T/T          23 57.5  55 42.3 1.00             0.04659 185.4
G/T          14 35.0  45 34.6 1.34  0.62  2.91              
G/G           3  7.5  30 23.1 4.18  1.16 15.08              
Dominant                                                    
T/T          23 57.5  55 42.3 1.00             0.09204 186.7
G/T-G/G      17 42.5  75 57.7 1.84  0.90  3.78              
Recessive                                                   
T/T-G/T      37 92.5 100 76.9 1.00             0.01834 183.9
G/G           3  7.5  30 23.1 3.70  1.07 12.85              
Overdominant                                                
T/T-G/G      26 65.0  85 65.4 1.00             0.96437 189.5
G/T          14 35.0  45 34.6 0.98  0.47  2.07              
log-Additive                                                
0,1,2        40 23.5 130 76.5 1.78  1.06  2.98 0.02215 184.3

$rs371024646

SNP: rs371024646  adjusted by: 
              0    %   1    %   OR lower upper p-value   AIC
Codominant                                                  
A/A          30 75.0  96 73.8 1.00             0.04707 185.4
A/C           5 12.5  30 23.1 1.88  0.67  5.26              
C/C           5 12.5   4  3.1 0.25  0.06  0.99              
Dominant                                                    
A/A          30 75.0  96 73.8 1.00             0.88386 189.5
A/C-C/C      10 25.0  34 26.2 1.06  0.47  2.40              
Recessive                                                   
A/A-A/C      35 87.5 126 96.9 1.00             0.03307 185.0
C/C           5 12.5   4  3.1 0.22  0.06  0.87              
Overdominant                                                
A/A-C/C      35 87.5 100 76.9 1.00             0.13120 187.2
A/C           5 12.5  30 23.1 2.10  0.76  5.84              
log-Additive                                                
0,1,2        40 23.5 130 76.5 0.78  0.43  1.42 0.42786 188.9

$rs374062741

SNP: rs374062741  adjusted by: 
              0    %   1    %   OR lower upper p-value   AIC
Codominant                                                  
G/G          30 75.0  96 73.8 1.00             0.04707 185.4
G/A           5 12.5  30 23.1 1.88  0.67  5.26              
A/A           5 12.5   4  3.1 0.25  0.06  0.99              
Dominant                                                    
G/G          30 75.0  96 73.8 1.00             0.88386 189.5
G/A-A/A      10 25.0  34 26.2 1.06  0.47  2.40              
Recessive                                                   
G/G-G/A      35 87.5 126 96.9 1.00             0.03307 185.0
A/A           5 12.5   4  3.1 0.22  0.06  0.87              
Overdominant                                                
G/G-A/A      35 87.5 100 76.9 1.00             0.13120 187.2
G/A           5 12.5  30 23.1 2.10  0.76  5.84              
log-Additive                                                
0,1,2        40 23.5 130 76.5 0.78  0.43  1.42 0.42786 188.9

$rs7961581

SNP: rs7961581  adjusted by: 
              0    %   1    %   OR lower upper p-value   AIC
Codominant                                                  
T/T          14 35.0  74 56.9 1.00             0.04794 185.4
C/T          19 47.5  43 33.1 0.43  0.20  0.94              
C/C           7 17.5  13 10.0 0.35  0.12  1.04              
Dominant                                                    
T/T          14 35.0  74 56.9 1.00             0.01476 183.6
C/T-C/C      26 65.0  56 43.1 0.41  0.20  0.85              
Recessive                                                   
T/T-C/T      33 82.5 117 90.0 1.00             0.21583 188.0
C/C           7 17.5  13 10.0 0.52  0.19  1.42              
Overdominant                                                
T/T-C/C      21 52.5  87 66.9 1.00             0.10117 186.8
C/T          19 47.5  43 33.1 0.55  0.27  1.12              
log-Additive                                                
0,1,2        40 23.5 130 76.5 0.55  0.33  0.91 0.02036 184.1

$rs2100267180

SNP: rs2100267180  adjusted by: 
              0    %   1     %   OR lower upper p-value   AIC
Codominant                                                   
G/G          38 95.0 115  88.5 1.00             0.04813 185.0
G/A           1  2.5  15  11.5 4.96  0.63 38.78              
A/A           1  2.5   0   0.0 0.00  0.00                    
Dominant                                                     
G/G          38 95.0 115  88.5 1.00             0.19707 187.8
G/A-A/A       2  5.0  15  11.5 2.48  0.54 11.33              
Recessive                                                    
G/G-G/A      39 97.5 130 100.0 1.00             0.23529 186.6
A/A           1  2.5   0   0.0 0.00  0.00                    
Overdominant                                                 
G/G-A/A      39 97.5 115  88.5 1.00             0.05339 185.8
G/A           1  2.5  15  11.5 5.09  0.65 39.77              
log-Additive                                                 
0,1,2        40 23.5 130  76.5 1.54  0.44  5.30 0.04813 189.0

$rs2442885

SNP: rs2442885  adjusted by: 
              0    %   1    %   OR lower upper p-value   AIC
Codominant                                                  
C/C          27 67.5  91 70.0 1.00             0.04860 185.5
T/C           4 10.0  27 20.8 2.00  0.64  6.23              
T/T           9 22.5  12  9.2 0.40  0.15  1.04              
Dominant                                                    
C/C          27 67.5  91 70.0 1.00             0.76501 189.4
T/C-T/T      13 32.5  39 30.0 0.89  0.42  1.90              
Recessive                                                   
C/C-T/C      31 77.5 118 90.8 1.00             0.03525 185.1
T/T           9 22.5  12  9.2 0.35  0.14  0.91              
Overdominant                                                
C/C-T/T      36 90.0 103 79.2 1.00             0.10392 186.9
T/C           4 10.0  27 20.8 2.36  0.77  7.21              
log-Additive                                                
0,1,2        40 23.5 130 76.5 0.74  0.46  1.19 0.22392 188.0

$rs645040

SNP: rs645040  adjusted by: 
              0    %   1    %   OR lower upper p-value   AIC
Codominant                                                  
T/T          34 85.0  90 69.2 1.00             0.04878 185.5
G/T           3  7.5  31 23.8 3.90  1.12 13.61              
G/G           3  7.5   9  6.9 1.13  0.29  4.44              
Dominant                                                    
T/T          34 85.0  90 69.2 1.00             0.04026 185.3
G/T-G/G       6 15.0  40 30.8 2.52  0.98  6.48              
Recessive                                                   
T/T-G/T      37 92.5 121 93.1 1.00             0.90150 189.5
G/G           3  7.5   9  6.9 0.92  0.24  3.57              
Overdominant                                                
T/T-G/G      37 92.5  99 76.2 1.00             0.01424 183.5
G/T           3  7.5  31 23.8 3.86  1.11 13.39              
log-Additive                                                
0,1,2        40 23.5 130 76.5 1.61  0.81  3.20 0.14669 187.4

$rs10014915

SNP: rs10014915  adjusted by: 
              0    %   1    %   OR lower upper p-value   AIC
Codominant                                                  
G/G          34 85.0 115 88.5 1.00             0.04893 185.5
A/G           2  5.0  13 10.0 1.92  0.41  8.94              
A/A           4 10.0   2  1.5 0.15  0.03  0.84              
Dominant                                                    
G/G          34 85.0 115 88.5 1.00             0.56818 189.2
A/G-A/A       6 15.0  15 11.5 0.74  0.27  2.05              
Recessive                                                   
G/G-A/G      36 90.0 128 98.5 1.00             0.02206 184.3
A/A           4 10.0   2  1.5 0.14  0.02  0.80              
Overdominant                                                
G/G-A/A      38 95.0 117 90.0 1.00             0.30199 188.4
A/G           2  5.0  13 10.0 2.11  0.46  9.78              
log-Additive                                                
0,1,2        40 23.5 130 76.5 0.60  0.30  1.21 0.16552 187.6

$rs1416631064

SNP: rs1416631064  adjusted by: 
              0    %   1    %   OR lower upper p-value   AIC
Codominant                                                  
A/A          15 37.5  37 28.5 1.00             0.04909 185.5
A/G          18 45.0  84 64.6 1.89  0.86  4.16              
G/G           7 17.5   9  6.9 0.52  0.16  1.66              
Dominant                                                    
A/A          15 37.5  37 28.5 1.00             0.28398 188.4
A/G-G/G      25 62.5  93 71.5 1.51  0.72  3.18              
Recessive                                                   
A/A-A/G      33 82.5 121 93.1 1.00             0.05985 186.0
G/G           7 17.5   9  6.9 0.35  0.12  1.01              
Overdominant                                                
A/A-G/G      22 55.0  46 35.4 1.00             0.02803 184.7
A/G          18 45.0  84 64.6 2.23  1.09  4.58              
log-Additive                                                
0,1,2        40 23.5 130 76.5 0.96  0.53  1.74 0.88649 189.5

