$rs16851055

SNP: rs16851055  adjusted by: 
              0     %   1    %   OR lower upper p-value   AIC
Codominant                                                   
G/G          28  70.0 104 80.0 1.00             0.02782 182.8
G/A          12  30.0  18 13.8 0.40  0.17  0.94              
A/A           0   0.0   8  6.2       0.00                    
Dominant                                                     
G/G          28  70.0 104 80.0 1.00             0.19473 187.8
G/A-A/A      12  30.0  26 20.0 0.58  0.26  1.30              
Recessive                                                    
G/G-G/A      40 100.0 122 93.8 1.00             0.20033 185.1
A/A           0   0.0   8  6.2       0.00                    
Overdominant                                                 
G/G-A/A      28  70.0 112 86.2 1.00             0.02522 184.5
G/A          12  30.0  18 13.8 0.38  0.16  0.87              
log-Additive                                                 
0,1,2        40  23.5 130 76.5 0.88  0.47  1.66 0.02782 189.4

$rs144854329

A -> TGGTCCCACTCTTCCCACA

SNP: rs144854329  adjusted by: 
              0    %   1    %   OR lower upper p-value   AIC
Codominant                                                  
T/T          14 35.0  55 42.3 1.00             0.03261 184.7
A/T           7 17.5  41 31.5 1.49  0.55  4.03              
A/A          19 47.5  34 26.2 0.46  0.20  1.03              
Dominant                                                    
T/T          14 35.0  55 42.3 1.00             0.40766 188.8
A/T-A/A      26 65.0  75 57.7 0.73  0.35  1.53              
Recessive                                                   
T/T-A/T      21 52.5  96 73.8 1.00             0.01271 183.3
A/A          19 47.5  34 26.2 0.39  0.19  0.82              
Overdominant                                                
T/T-A/A      33 82.5  89 68.5 1.00             0.07417 186.3
A/T           7 17.5  41 31.5 2.17  0.89  5.32              
log-Additive                                                
0,1,2        40 23.5 130 76.5 0.67  0.44  1.02 0.05998 186.0

$rs1191376425

T -> GTTCCT

SNP: rs1191376425  adjusted by: 
              0    %   1    %   OR lower upper  p-value   AIC
Codominant                                                   
T/T          31 77.5  85 65.4 1.00             0.001458 178.4
T/G           4 10.0  42 32.3 3.83  1.27 11.56               
G/G           5 12.5   3  2.3 0.22  0.05  0.97               
Dominant                                                     
T/T          31 77.5  85 65.4 1.00             0.141043 187.3
T/G-G/G       9 22.5  45 34.6 1.82  0.80  4.16               
Recessive                                                    
T/T-T/G      35 87.5 127 97.7 1.00             0.015721 183.7
G/G           5 12.5   3  2.3 0.17  0.04  0.73               
Overdominant                                                 
T/T-G/G      36 90.0  88 67.7 1.00             0.002826 180.6
T/G           4 10.0  42 32.3 4.30  1.43 12.86               
log-Additive                                                 
0,1,2        40 23.5 130 76.5 1.06  0.57  1.99 0.851601 189.5

$rs1426319240

C -> GGC

SNP: rs1426319240  adjusted by: 
              0    %   1    %   OR lower upper p-value   AIC
Codominant                                                  
C/C          30 75.0  84 64.6 1.00             0.02300 184.0
C/G           5 12.5  40 30.8 2.86  1.03  7.91              
G/G           5 12.5   6  4.6 0.43  0.12  1.51              
Dominant                                                    
C/C          30 75.0  84 64.6 1.00             0.21383 188.0
C/G-G/G      10 25.0  46 35.4 1.64  0.74  3.66              
Recessive                                                   
C/C-C/G      35 87.5 124 95.4 1.00             0.09807 186.8
G/G           5 12.5   6  4.6 0.34  0.10  1.18              
Overdominant                                                
C/C-G/G      35 87.5  90 69.2 1.00             0.01541 183.6
C/G           5 12.5  40 30.8 3.11  1.14  8.53              
log-Additive                                                
0,1,2        40 23.5 130 76.5 1.07  0.59  1.94 0.81890 189.4

